0 255 255 255
9657.5 0 0 40
11657.5 91 10 168
12407.5 91 50 128
12657.5 50 0 150
12907.5 4 25 130
13157.5 8 54 106
13257.5 4 20 150
13407.5 0 50 255
13557.5 8 10 118
13654.42755 8 113 155
13658.19275 8 118 157
13662.029699999999 8 123 158
13665.93835 8 128 159
13669.918750000001 8 133 159
13673.97085 8 136 160
13678.094649999999 8 140 162
13682.290199999999 8 145 163
13686.55745 8 150 165
13690.8964 8 156 166
13695.3071 8 161 167
13699.789500000001 8 166 169
13704.343650000001 8 172 172
13708.969450000001 8 177 177
13713.66705 8 182 182
13718.436299999999 8 187 187
13723.2773 8 192 192
13728.190049999999 8 197 197
13733.17445 8 200 200
13738.230600000001 8 204 204
13743.3585 8 209 209
13748.5581 8 213 213
13753.829400000001 8 216 216
13759.172399999999 8 219 219
13764.587149999999 8 222 222
13770.07365 8 225 225
13775.631799999999 8 227 227
13781.261699999999 8 230 230
13786.96335 8 233 233
13792.736699999999 8 235 235
13798.581749999999 8 237 236
13804.4985 8 238 234
13810.486999999999 8 238 229
13816.547200000001 8 238 223
13822.67915 8 237 216
13828.882799999999 8 235 209
13835.158149999999 8 234 202
13841.50525 8 232 192
13847.92405 8 231 178
13854.4146 8 230 162
13860.976849999999 8 229 147
13867.6108 8 227 133
13874.31645 8 226 123
13881.093849999999 8 224 116
13887.942999999999 8 221 114
13894.863799999999 8 219 114
13901.856400000001 8 216 115
13908.92065 8 213 117
13916.05665 8 209 118
13923.264349999999 8 204 118
13930.543799999999 8 199 117
13937.894899999999 8 193 115
13945.317800000001 8 188 112
13952.81235 8 184 107
13960.378650000001 8 181 99
13968.0167 8 178 91
13975.72645 8 175 84
13983.507900000001 8 172 81
13991.36105 8 169 80
13999.28595 8 164 80
14007.28255 8 159 80
14015.350899999999 8 153 80
14023.490949999999 8 148 79
14031.7027 8 143 79
14039.986199999999 8 138 79
14048.341399999999 8 134 78
14056.76835 8 132 75
14065.267 8 134 70
14073.83735 8 137 63
14082.4794 8 140 56
14091.1932 8 140 48
14099.97875 8 139 37
14108.835950000001 9 138 24
14117.7649 14 139 14
14126.765600000001 24 141 9
14135.838 37 146 8
14144.982099999999 47 151 8
14154.197899999999 52 156 8
14163.48545 55 161 8
14172.84475 57 166 8
14182.2757 60 172 8
14191.778399999999 65 177 8
14201.352849999999 70 182 8
14210.998949999999 75 187 8
14220.716850000001 80 192 8
14230.5064 85 196 8
14240.367700000001 89 199 8
14250.3007 95 201 8
14260.30545 103 204 8
14270.3819 110 206 8
14280.530049999999 118 209 8
14290.749949999999 126 211 8
14301.04155 134 214 8
14311.404850000001 142 217 8
14321.839900000001 151 219 8
14332.346649999999 160 222 8
14342.925149999999 169 225 8
14353.575349999999 179 227 8
14364.29725 187 229 8
14375.090899999999 195 230 8
14385.956249999999 205 230 8
14396.8933 215 230 8
14407.902099999999 223 229 8
14418.982599999999 226 227 8
14430.13485 225 224 8
14441.3588 224 221 8
14452.65445 224 217 8
14464.021849999999 224 211 8
14475.460950000001 224 205 8
14486.971750000001 224 198 8
14498.5543 224 191 8
14510.208549999999 224 185 8
14521.93455 224 180 8
14533.7322 224 174 8
14545.601650000001 224 166 8
14557.542750000001 224 159 8
14569.5556 224 151 8
14581.6402 224 143 8
14593.79645 224 135 8
14606.024450000001 224 127 8
14618.324199999999 224 119 8
14630.69565 224 111 8
14643.138800000001 224 103 8
14655.65365 224 95 8
14668.240250000001 224 89 8
14680.8986 224 84 8
14693.6286 224 78 8
14706.430350000001 223 70 8
14719.30385 223 63 8
14732.24905 223 55 8
14745.265950000001 222 46 8
14758.35455 221 37 8
14771.5149 219 28 8
14784.746950000001 216 19 8
14798.05075 213 12 8
14811.42625 209 9 8
14824.873449999999 204 8 8
14838.392400000001 200 8 8
14851.983050000001 196 8 8
14865.64545 190 8 8
14879.37955 182 8 8
14893.18535 175 8 8
14907.06285 167 8 8
14921.0121 159 8 8
14935.033100000001 151 8 8
14949.125749999999 143 8 8
14963.290199999999 135 8 8
14977.5263 127 8 8
14991.834150000001 120 8 8
15006.2137 115 8 8
15020.665000000001 110 8 8
15035.18795 104 8 8
15049.7827 108 13 13
15064.4491 112 19 19
15079.187250000001 114 22 22
15093.997149999999 115 26 26
15108.87875 118 30 30
15123.832050000001 119 34 33
15138.857050000001 121 38 38
15153.953799999999 123 41 41
15169.12225 125 45 45
15184.362450000001 127 49 49
15199.674349999999 128 52 53
15215.05795 130 56 56
15230.513300000001 132 60 60
15246.040349999999 134 64 63
15261.639150000001 136 67 67
15277.309649999999 138 71 70
15293.05185 140 75 74
15308.865750000001 142 79 78
15324.751399999999 143 82 82
15340.7088 145 85 85
15356.73785 147 89 90
15372.83865 149 93 93
15389.011200000001 150 97 97
15405.255450000001 152 100 100
15421.571400000001 154 104 104
15437.959049999999 156 107 108
15454.418449999999 158 112 111
15470.9496 160 115 115
15487.5524 162 119 119
15504.22695 164 123 123
15520.973249999999 165 126 126
15537.7912 168 130 130
15554.68095 169 134 134
15571.64235 170 138 137
15588.675499999999 173 141 141
15605.780350000001 175 145 145
15622.95695 176 149 149
15640.205250000001 178 153 153
15657.525250000001 181 156 156
15674.916999999999 182 159 159
15692.380450000001 183 163 163
15709.9156 185 167 167
15727.522499999999 188 170 171
15745.2011 190 174 174
15762.95145 191 178 178
15780.773499999999 193 182 182
15798.66725 195 185 185
15816.632750000001 197 189 189
15834.66995 199 192 193
15852.778850000001 200 197 197
15870.959500000001 202 200 201
